//Leadwerks Material File

decalmode=2
blendmode=1
castshadows=0
zsort=0
cullbackfaces=0
depthtest=1
depthmask=1
diffuse=1.00000000,1.00000000,1.00000000,1.00000000
specular=1.00000000,1.00000000,1.00000000,1.00000000
alwaysuseshader=1
mappingscale=1.00000000,1.00000000,1.00000000
drawmode=2

shader="shaders/model/default.shader"
