//Leadwerks Material File

blendmode=0
castshadows=0
zsort=0
cullbackfaces=1
depthtest=1
depthmask=1
diffuse=1.00000000,1.00000000,1.00000000,1.00000000
specular=0.501960814,0.501960814,0.501960814,0.501960814
alwaysuseshader=0
mappingscale=2.00000000,2.00000000,2.00000000
drawmode=-1

shader="Shaders/Model/transparent.shader"
texture0="./clip.tex"
texture1="materials/common/blank_dot3.tex"
